캡처 기록

냉방/팬3단계     전원켜진상태


16도
0000 006D 006A 0000 015C 00AE 0015 0042 0015 0042 0015 0016 0015 0016 0015 0016 0015 0016 0015 0042 0015 0042 0015 0042 0015 0042 0015 0042 0015 0016 0015 0016 0015 0016 0015 0042 0015 0016 0015 0016 0015 0016 0015 0016 0015 0016
0015 0016 0015 0042 0015 0042 0015 0042 0015 0016 0015 0016 0015 0016 0015 0017 0014 0017 0014 0017 0014 0017 0014 0017 0014 0017 0014 0017 0014 0017 0014 0017 0014 0017 0014 0043 0014 0017 0014 0017 0014 0017 0014 0017 0014 0017
0014 0017 0014 0017 0014 0017 0014 0017 0014 0017 0014 0017 0014 0017 0014 0017 0014 0017 0014 0017 0014 0043 0014 0017 0014 0017 0014 0017 0014 0017 0014 0017 0014 0017 0014 0017 0014 0017 0014 0017 0014 0017 0014 0017 0014 0017
0014 0017 0014 0017 0014 0017 0014 0017 0014 0017 0014 0017 0014 0017 0014 0017 0014 0017 0014 0017 0014 0017 0014 0043 0014 0017 0014 0017 0014 0017 0014 0017 0014 0017 0014 0017 0014 0017 0014 0017 0014 0017 0014 0017 0014 0043
0014 0017 0014 0017 0014 0017 0014 0017 0014 0017 0014 0017 0014 0017 0014 0043 0014 0043 0014 0017 0014 0043 0014 0017 0014 0017 0014 0043 0014 0017 0014 03C2

17도
0000 006D 006A 0000 015C 00AE 0015 0042 0015 0042 0015 0016 0015 0016 0015 0016 0015 0016 0015 0042 0015 0042 0015 0042 0015 0042 0015 0042 0015 0042 0015 0016 0015 0016 0015 0042 0015 0016 0015 0016 0015 0016 0015 0016 0015 0016
0015 0016 0015 0042 0015 0042 0015 0042 0015 0016 0015 0016 0015 0016 0015 0016 0015 0017 0014 0017 0014 0016 0015 0017 0014 0016 0015 0017 0014 0017 0014 0017 0014 0017 0014 0043 0014 0017 0014 0017 0014 0017 0014 0017 0014 0017
0014 0017 0014 0017 0014 0017 0014 0017 0014 0017 0014 0017 0014 0017 0014 0017 0014 0017 0014 0017 0014 0043 0014 0017 0014 0017 0014 0017 0014 0017 0014 0017 0014 0017 0014 0017 0014 0017 0014 0017 0014 0017 0014 0017 0014 0017
0014 0017 0014 0017 0014 0017 0014 0017 0014 0017 0014 0017 0014 0017 0014 0017 0014 0017 0014 0017 0014 0017 0014 0043 0014 0017 0014 0017 0014 0017 0014 0017 0014 0017 0014 0017 0014 0017 0014 0017 0014 0017 0014 0017 0014 0017
0014 0017 0014 0017 0014 0017 0014 0017 0014 0017 0014 0017 0014 0017 0014 0017 0014 0043 0014 0017 0014 0017 0014 0043 0014 0017 0014 0043 0014 0017 0014 03C2

18도
0000 006D 006A 0000 015C 00AE 0015 0042 0015 0042 0015 0016 0015 0016 0015 0016 0015 0016 0015 0042 0015 0042 0015 0042 0015 0042 0015 0042 0015 0016 0015 0042 0015 0016 0015 0042 0015 0016 0015 0016 0015 0016 0015 0016 0015 0016
0015 0016 0015 0042 0015 0042 0015 0042 0015 0016 0015 0016 0015 0016 0015 0016 0015 0017 0014 0017 0014 0017 0014 0017 0014 0016 0015 0017 0014 0017 0014 0017 0014 0017 0014 0043 0014 0017 0014 0017 0014 0017 0014 0017 0014 0017
0014 0017 0014 0017 0014 0017 0014 0017 0014 0017 0014 0017 0014 0017 0014 0017 0014 0017 0014 0017 0014 0043 0014 0017 0014 0017 0014 0017 0014 0017 0014 0017 0014 0017 0014 0017 0014 0017 0014 0017 0014 0017 0014 0017 0014 0017
0014 0017 0014 0017 0014 0017 0014 0017 0014 0017 0014 0017 0014 0017 0014 0017 0014 0017 0014 0017 0014 0017 0014 0043 0014 0017 0014 0017 0014 0017 0014 0017 0014 0017 0014 0017 0014 0017 0014 0017 0014 0017 0014 0017 0014 0017
0014 0017 0014 0017 0014 0017 0014 0017 0014 0017 0014 0017 0014 0017 0014 0017 0014 0043 0014 0017 0014 0043 0014 0043 0014 0017 0014 0043 0014 0017 0014 03C2

19도
0000 006D 006A 0000 015C 00AE 0015 0042 0015 0042 0015 0016 0015 0016 0015 0016 0015 0016 0015 0042 0015 0042 0015 0042 0015 0042 0015 0042 0015 0042 0015 0042 0015 0016 0015 0042 0015 0016 0015 0016 0015 0016 0015 0016 0015 0016
0015 0016 0015 0042 0015 0042 0015 0042 0015 0016 0015 0017 0014 0016 0015 0016 0015 0016 0015 0017 0014 0017 0014 0017 0014 0017 0014 0017 0014 0017 0014 0017 0014 0017 0014 0043 0014 0017 0014 0017 0014 0017 0014 0017 0014 0017
0014 0017 0014 0017 0014 0017 0014 0017 0014 0017 0014 0017 0014 0017 0014 0017 0014 0017 0014 0017 0014 0043 0014 0017 0014 0017 0014 0017 0014 0017 0014 0017 0014 0017 0014 0017 0014 0017 0014 0017 0014 0017 0014 0017 0014 0017
0014 0017 0014 0017 0014 0017 0014 0017 0014 0017 0014 0017 0014 0017 0014 0017 0014 0017 0014 0017 0014 0017 0014 0043 0014 0017 0014 0017 0014 0017 0014 0017 0014 0017 0014 0017 0014 0017 0014 0017 0014 0017 0014 0017 0014 0017
0014 0017 0014 0017 0014 0017 0014 0017 0014 0017 0014 0017 0014 0017 0014 0017 0014 0043 0014 0017 0014 0017 0014 0017 0014 0043 0014 0043 0014 0017 0014 03C2

20도
0000 006D 006A 0000 015C 00AE 0015 0042 0015 0042 0015 0016 0015 0016 0015 0016 0015 0016 0015 0042 0015 0042 0015 0042 0015 0042 0015 0042 0015 0016 0015 0016 0015 0042 0015 0042 0015 0016 0015 0016 0015 0016 0015 0016 0015 0016
0015 0016 0015 0042 0015 0042 0015 0042 0015 0016 0015 0016 0015 0016 0015 0016 0015 0017 0014 0017 0014 0016 0015 0016 0015 0017 0014 0016 0015 0016 0015 0016 0015 0017 0014 0043 0014 0017 0014 0017 0014 0017 0014 0017 0014 0017
0014 0017 0014 0017 0014 0017 0014 0017 0014 0017 0014 0017 0014 0017 0014 0017 0014 0017 0014 0017 0014 0043 0014 0017 0014 0017 0014 0017 0014 0017 0014 0017 0014 0017 0014 0017 0014 0017 0014 0017 0014 0017 0014 0017 0014 0017
0014 0017 0014 0017 0014 0017 0014 0017 0014 0017 0014 0017 0014 0017 0014 0017 0014 0017 0014 0017 0014 0017 0014 0043 0014 0017 0014 0017 0014 0017 0014 0017 0014 0017 0014 0017 0014 0017 0014 0017 0014 0017 0014 0017 0014 0017
0014 0017 0014 0017 0014 0017 0014 0017 0014 0017 0014 0017 0014 0017 0014 0017 0014 0043 0014 0017 0014 0043 0014 0017 0014 0043 0014 0043 0014 0017 0014 03C2

21도
0000 006D 006A 0000 015C 00AE 0015 0042 0015 0042 0015 0016 0015 0016 0015 0016 0015 0016 0015 0042 0015 0042 0015 0042 0015 0042 0015 0042 0015 0042 0015 0016 0015 0042 0015 0042 0015 0016 0015 0016 0015 0016 0015 0016 0015 0016
0015 0016 0015 0042 0015 0042 0015 0042 0015 0016 0015 0017 0014 0016 0015 0016 0015 0016 0015 0017 0014 0017 0014 0017 0014 0017 0014 0017 0014 0017 0014 0017 0014 0017 0014 0043 0014 0017 0014 0017 0014 0017 0014 0017 0014 0017
0014 0017 0014 0017 0014 0017 0014 0017 0014 0017 0014 0017 0014 0017 0014 0017 0014 0017 0014 0017 0014 0043 0014 0017 0014 0017 0014 0017 0014 0017 0014 0017 0014 0017 0014 0017 0014 0017 0014 0017 0014 0017 0014 0017 0014 0017
0014 0017 0014 0017 0014 0017 0014 0017 0014 0017 0014 0017 0014 0017 0014 0017 0014 0017 0014 0017 0014 0017 0014 0043 0014 0017 0014 0017 0014 0017 0014 0017 0014 0017 0014 0017 0014 0017 0014 0017 0014 0017 0014 0017 0014 0017
0014 0017 0014 0017 0014 0017 0014 0017 0014 0017 0014 0017 0014 0017 0014 0017 0014 0043 0014 0017 0014 0017 0014 0043 0014 0043 0014 0043 0014 0017 0014 03C2

22도
0000 006D 006A 0000 015C 00AE 0015 0042 0015 0042 0015 0016 0015 0016 0015 0016 0015 0016 0015 0042 0015 0042 0015 0042 0015 0042 0015 0042 0015 0016 0015 0042 0015 0042 0015 0042 0015 0016 0015 0016 0015 0016 0015 0016 0015 0016
0015 0016 0015 0042 0015 0042 0015 0042 0015 0016 0015 0016 0015 0017 0014 0016 0015 0017 0014 0017 0014 0017 0014 0017 0014 0017 0014 0017 0014 0017 0014 0017 0014 0017 0014 0043 0014 0017 0014 0017 0014 0017 0014 0017 0014 0017
0014 0017 0014 0017 0014 0017 0014 0017 0014 0017 0014 0017 0014 0017 0014 0017 0014 0017 0014 0017 0014 0043 0014 0017 0014 0017 0014 0017 0014 0017 0014 0017 0014 0017 0014 0017 0014 0017 0014 0017 0014 0017 0014 0017 0014 0017
0014 0017 0014 0017 0014 0017 0014 0017 0014 0017 0014 0017 0014 0017 0014 0017 0014 0017 0014 0017 0014 0017 0014 0043 0014 0017 0014 0017 0014 0017 0014 0017 0014 0017 0014 0017 0014 0017 0014 0017 0014 0017 0014 0017 0014 0017
0014 0017 0014 0017 0014 0017 0014 0017 0014 0017 0014 0017 0014 0017 0014 0017 0014 0043 0014 0017 0014 0043 0014 0043 0014 0043 0014 0043 0014 0017 0014 03C2

23도
0000 006D 006A 0000 015C 00AE 0015 0042 0015 0042 0015 0016 0015 0016 0015 0016 0015 0016 0015 0042 0015 0042 0015 0042 0015 0042 0015 0042 0015 0042 0015 0042 0015 0042 0015 0042 0015 0016 0015 0016 0015 0016 0015 0016 0015 0016
0015 0016 0015 0042 0015 0042 0015 0042 0015 0016 0015 0016 0015 0017 0014 0017 0014 0017 0014 0016 0015 0017 0014 0017 0014 0017 0014 0017 0014 0017 0014 0017 0014 0017 0014 0043 0014 0017 0014 0017 0014 0017 0014 0017 0014 0017
0014 0017 0014 0017 0014 0017 0014 0017 0014 0017 0014 0017 0014 0017 0014 0017 0014 0017 0014 0017 0014 0043 0014 0017 0014 0017 0014 0017 0014 0017 0014 0017 0014 0017 0014 0017 0014 0017 0014 0017 0014 0017 0014 0017 0014 0017
0014 0017 0014 0017 0014 0017 0014 0017 0014 0017 0014 0017 0014 0017 0014 0017 0014 0017 0014 0017 0014 0017 0014 0043 0014 0017 0014 0017 0014 0017 0014 0017 0014 0017 0014 0017 0014 0017 0014 0017 0014 0017 0014 0017 0014 0017
0014 0017 0014 0017 0014 0017 0014 0017 0014 0017 0014 0017 0014 0017 0014 0017 0014 0043 0014 0017 0014 0017 0014 0017 0014 0017 0014 0017 0014 0043 0014 03C2

24도
0000 006D 006A 0000 015C 00AE 0015 0042 0015 0042 0015 0016 0015 0016 0015 0016 0015 0016 0015 0042 0015 0042 0015 0042 0015 0042 0015 0042 0015 0016 0015 0016 0015 0016 0015 0016 0015 0042 0015 0017 0014 0016 0015 0016 0015 0017
0014 0016 0015 0042 0015 0043 0014 0043 0014 0017 0014 0017 0014 0017 0014 0017 0014 0017 0014 0017 0014 0017 0014 0017 0014 0017 0014 0017 0014 0017 0014 0017 0014 0017 0014 0043 0014 0017 0014 0017 0014 0017 0014 0017 0014 0017
0014 0017 0014 0017 0014 0017 0014 0017 0014 0017 0014 0017 0014 0017 0014 0017 0014 0017 0014 0017 0014 0043 0014 0017 0014 0017 0014 0017 0014 0017 0014 0017 0014 0017 0014 0017 0014 0017 0014 0017 0014 0017 0014 0017 0014 0017
0014 0017 0014 0017 0014 0017 0014 0017 0014 0017 0014 0017 0014 0017 0014 0017 0014 0017 0014 0017 0014 0017 0014 0043 0014 0017 0014 0017 0014 0017 0014 0017 0014 0017 0014 0017 0014 0017 0014 0017 0014 0017 0014 0017 0014 0017
0014 0017 0014 0017 0014 0017 0014 0017 0014 0017 0014 0017 0013 0018 0013 0018 0013 0044 0013 0018 0013 0044 0013 0018 0013 0018 0013 0018 0013 0044 0013 03C2

25도
0000 006D 006A 0000 015C 00AE 0015 0042 0015 0042 0015 0016 0015 0016 0015 0016 0015 0016 0015 0042 0015 0042 0015 0042 0015 0042 0015 0042 0015 0042 0015 0016 0015 0016 0015 0016 0015 0042 0015 0016 0015 0016 0015 0016 0015 0016
0015 0016 0015 0042 0015 0042 0015 0042 0015 0016 0015 0016 0015 0016 0015 0016 0015 0016 0015 0016 0015 0016 0015 0016 0015 0016 0015 0016 0015 0016 0015 0016 0015 0016 0015 0042 0015 0016 0015 0016 0015 0017 0014 0017 0014 0017
0014 0017 0014 0017 0014 0017 0014 0017 0014 0017 0014 0017 0014 0017 0014 0017 0014 0017 0014 0017 0014 0043 0014 0017 0014 0017 0014 0017 0014 0017 0014 0017 0014 0017 0014 0017 0014 0017 0014 0017 0014 0017 0014 0017 0014 0017
0014 0017 0014 0017 0014 0017 0014 0017 0014 0017 0014 0017 0014 0017 0014 0017 0014 0017 0014 0017 0014 0017 0014 0043 0014 0017 0014 0017 0014 0017 0014 0017 0014 0017 0014 0017 0014 0017 0014 0017 0014 0017 0014 0017 0014 0017
0014 0017 0014 0017 0014 0017 0014 0017 0014 0017 0014 0017 0014 0017 0014 0017 0014 0043 0014 0017 0014 0017 0014 0043 0014 0017 0014 0017 0014 0043 0014 03C2

26도
0000 006D 006A 0000 015C 00AE 0015 0042 0015 0042 0015 0016 0015 0016 0015 0016 0015 0016 0015 0042 0015 0042 0015 0042 0015 0042 0015 0042 0015 0016 0015 0042 0015 0016 0015 0016 0015 0042 0015 0016 0015 0016 0015 0016 0015 0016
0015 0016 0015 0042 0015 0042 0015 0042 0015 0016 0015 0016 0015 0016 0015 0016 0015 0016 0015 0016 0015 0016 0015 0016 0015 0016 0015 0016 0015 0016 0015 0016 0015 0016 0015 0042 0015 0016 0015 0016 0015 0016 0015 0016 0015 0016
0015 0016 0015 0016 0015 0016 0015 0016 0015 0016 0015 0016 0015 0016 0015 0016 0015 0016 0015 0016 0015 0042 0015 0016 0015 0016 0015 0016 0015 0016 0015 0016 0015 0016 0015 0016 0015 0016 0015 0016 0015 0016 0015 0016 0015 0017
0014 0016 0015 0016 0015 0016 0015 0017 0014 0017 0014 0017 0014 0017 0014 0017 0014 0017 0014 0017 0014 0017 0014 0043 0014 0017 0014 0017 0014 0017 0014 0017 0014 0017 0014 0017 0014 0017 0014 0017 0014 0017 0014 0017 0014 0017
0014 0017 0014 0017 0014 0017 0014 0017 0014 0017 0014 0017 0014 0017 0014 0017 0014 0043 0014 0017 0014 0043 0014 0043 0014 0017 0014 0017 0014 0043 0014 03C2

27도
0000 006D 006A 0000 015C 00AE 0015 0042 0015 0042 0015 0016 0015 0016 0015 0016 0015 0016 0015 0042 0015 0042 0015 0042 0015 0042 0015 0042 0015 0042 0015 0042 0015 0016 0015 0016 0015 0042 0015 0016 0015 0016 0015 0016 0015 0016
0015 0016 0015 0042 0015 0042 0015 0042 0015 0016 0015 0016 0015 0016 0015 0016 0015 0016 0015 0016 0015 0016 0015 0016 0015 0016 0015 0016 0015 0016 0015 0016 0015 0016 0015 0042 0015 0016 0015 0016 0015 0016 0015 0016 0015 0016
0015 0016 0015 0016 0015 0016 0015 0016 0015 0016 0015 0016 0015 0016 0015 0016 0015 0016 0015 0016 0015 0042 0015 0016 0015 0016 0015 0016 0015 0016 0015 0016 0015 0017 0014 0017 0014 0016 0015 0016 0015 0017 0014 0016 0015 0016
0015 0017 0014 0017 0014 0017 0014 0017 0014 0017 0014 0017 0014 0017 0014 0017 0014 0017 0014 0017 0014 0017 0014 0043 0014 0017 0014 0017 0014 0017 0014 0017 0014 0017 0014 0017 0014 0017 0014 0017 0014 0017 0014 0017 0014 0017
0014 0017 0014 0017 0014 0017 0014 0017 0014 0017 0014 0017 0014 0017 0014 0017 0014 0043 0014 0017 0014 0017 0014 0017 0014 0043 0014 0017 0014 0043 0014 03C2

28도
0000 006D 006A 0000 015C 00AE 0015 0042 0015 0042 0015 0016 0015 0016 0015 0016 0015 0016 0015 0042 0015 0042 0015 0042 0015 0042 0015 0042 0015 0016 0015 0016 0015 0042 0015 0016 0015 0042 0015 0016 0015 0016 0015 0016 0015 0016
0015 0016 0015 0042 0015 0042 0015 0042 0015 0016 0015 0016 0015 0016 0015 0016 0015 0016 0015 0016 0015 0016 0015 0016 0015 0016 0015 0016 0015 0016 0015 0016 0015 0016 0015 0042 0015 0016 0015 0016 0015 0016 0015 0016 0015 0016
0015 0016 0015 0016 0015 0016 0015 0016 0015 0016 0015 0016 0015 0016 0015 0016 0015 0016 0015 0016 0015 0042 0015 0016 0015 0016 0015 0016 0015 0016 0015 0017 0014 0016 0015 0016 0015 0016 0015 0016 0015 0016 0015 0016 0015 0017
0014 0016 0015 0017 0014 0017 0014 0016 0015 0016 0015 0017 0014 0017 0014 0017 0014 0017 0014 0017 0014 0016 0015 0043 0014 0017 0014 0017 0014 0017 0014 0017 0014 0017 0014 0017 0014 0017 0014 0017 0014 0017 0014 0017 0014 0017
0014 0017 0014 0017 0014 0017 0014 0017 0014 0017 0014 0017 0014 0017 0014 0017 0014 0043 0014 0017 0014 0043 0014 0017 0014 0043 0014 0017 0014 0043 0014 03C2

29도
0000 006D 006A 0000 015C 00AE 0015 0042 0015 0042 0015 0016 0015 0016 0015 0016 0015 0016 0015 0042 0015 0042 0015 0042 0015 0042 0015 0042 0015 0042 0015 0016 0015 0042 0015 0016 0015 0042 0015 0016 0015 0016 0015 0016 0015 0016
0015 0016 0015 0042 0015 0042 0015 0042 0015 0016 0015 0016 0015 0016 0015 0016 0015 0016 0015 0016 0015 0016 0015 0016 0015 0016 0015 0016 0015 0016 0015 0016 0015 0016 0015 0042 0015 0016 0015 0016 0015 0016 0015 0016 0015 0016
0015 0016 0015 0016 0015 0016 0015 0016 0015 0016 0015 0016 0015 0016 0015 0016 0015 0016 0015 0016 0015 0042 0015 0016 0015 0016 0015 0016 0015 0016 0015 0016 0015 0016 0015 0017 0014 0016 0015 0016 0015 0016 0015 0016 0015 0016
0015 0016 0015 0016 0015 0016 0015 0017 0014 0016 0015 0017 0014 0016 0015 0017 0014 0017 0014 0017 0014 0017 0014 0043 0014 0017 0014 0017 0014 0017 0014 0017 0014 0017 0014 0017 0014 0017 0014 0017 0014 0017 0014 0017 0014 0017
0014 0017 0014 0017 0014 0017 0014 0017 0014 0017 0014 0017 0014 0017 0014 0017 0014 0043 0014 0017 0014 0017 0014 0043 0014 0043 0014 0017 0014 0043 0014 03C2

30도
0000 006D 006A 0000 015C 00AE 0015 0042 0015 0042 0015 0016 0015 0016 0015 0016 0015 0016 0015 0042 0015 0042 0015 0042 0015 0042 0015 0042 0015 0016 0015 0042 0015 0042 0015 0016 0015 0042 0015 0016 0015 0016 0015 0016 0015 0016
0015 0016 0015 0042 0015 0042 0015 0042 0015 0016 0015 0016 0015 0016 0015 0016 0015 0016 0015 0016 0015 0016 0015 0016 0015 0016 0015 0016 0015 0016 0015 0016 0015 0016 0015 0042 0015 0016 0015 0016 0015 0016 0015 0016 0015 0016
0015 0016 0015 0016 0015 0016 0015 0016 0015 0016 0015 0016 0015 0016 0015 0016 0015 0016 0015 0016 0015 0042 0015 0016 0015 0016 0015 0016 0015 0016 0015 0016 0015 0016 0015 0016 0015 0016 0015 0016 0015 0016 0015 0016 0015 0016
0015 0016 0015 0016 0015 0017 0014 0016 0015 0017 0014 0016 0015 0016 0015 0017 0014 0017 0014 0017 0014 0016 0015 0042 0015 0017 0014 0017 0014 0017 0014 0017 0014 0017 0014 0017 0014 0016 0015 0017 0014 0017 0014 0017 0014 0017
0014 0017 0014 0017 0014 0017 0014 0017 0014 0017 0014 0017 0014 0017 0014 0017 0014 0043 0014 0017 0014 0043 0014 0043 0014 0043 0014 0017 0014 0043 0014 03C2

31도
0000 006D 006A 0000 015C 00AE 0015 0042 0015 0042 0015 0016 0015 0016 0015 0016 0015 0016 0015 0042 0015 0042 0015 0042 0015 0042 0015 0042 0015 0042 0015 0042 0015 0042 0015 0016 0015 0042 0015 0016 0015 0016 0015 0016 0015 0016
0015 0016 0015 0042 0015 0042 0015 0042 0015 0016 0015 0016 0015 0016 0015 0016 0015 0016 0015 0016 0015 0016 0015 0016 0015 0016 0015 0016 0015 0016 0015 0016 0015 0016 0015 0042 0015 0016 0015 0016 0015 0016 0015 0016 0015 0016
0015 0016 0015 0016 0015 0016 0015 0016 0015 0016 0015 0016 0015 0016 0015 0016 0015 0016 0015 0016 0015 0042 0015 0016 0015 0016 0015 0016 0015 0017 0014 0017 0014 0016 0015 0016 0015 0017 0014 0016 0015 0016 0015 0017 0014 0017
0014 0016 0015 0016 0015 0016 0015 0017 0014 0016 0015 0016 0015 0016 0015 0016 0015 0017 0014 0017 0014 0017 0014 0043 0014 0017 0014 0017 0014 0017 0014 0017 0014 0017 0014 0017 0014 0017 0014 0017 0014 0017 0014 0017 0014 0017
0014 0017 0014 0017 0014 0017 0014 0017 0014 0017 0014 0017 0014 0017 0014 0017 0014 0043 0014 0017 0014 0017 0014 0017 0014 0017 0014 0043 0014 0043 0014 03C2

32도
0000 006D 006A 0000 015C 00AE 0015 0042 0015 0042 0015 0016 0015 0016 0015 0016 0015 0016 0015 0042 0015 0042 0015 0042 0015 0042 0015 0042 0015 0016 0015 0016 0015 0016 0015 0042 0015 0042 0015 0016 0015 0016 0015 0016 0015 0016
0015 0016 0015 0042 0015 0042 0015 0042 0015 0016 0015 0016 0015 0016 0015 0016 0015 0016 0015 0016 0015 0016 0015 0016 0015 0016 0015 0016 0015 0016 0015 0016 0015 0016 0015 0042 0015 0016 0015 0016 0015 0016 0015 0016 0015 0016
0015 0016 0015 0016 0015 0016 0015 0016 0015 0016 0015 0016 0015 0016 0015 0016 0015 0016 0015 0016 0015 0042 0015 0016 0015 0016 0015 0016 0015 0016 0015 0016 0015 0016 0015 0017 0014 0016 0015 0017 0014 0016 0015 0016 0015 0016
0015 0016 0015 0017 0014 0017 0014 0017 0014 0017 0014 0017 0014 0017 0014 0016 0015 0017 0014 0017 0014 0017 0014 0043 0014 0017 0014 0017 0014 0017 0014 0017 0014 0017 0014 0017 0014 0017 0014 0017 0014 0017 0014 0017 0014 0017
0014 0017 0014 0017 0014 0017 0014 0017 0014 0017 0014 0017 0014 0017 0014 0017 0014 0043 0014 0017 0014 0043 0014 0017 0014 0017 0014 0043 0014 0043 0014 03C2
